comment_score KDE Curve Data
============================

          x  kde_density
 -19.000000 4.821991e-03
   1.412060 6.590585e-03
  21.824121 7.332922e-03
  42.236181 6.742687e-03
  62.648241 5.246885e-03
  83.060302 3.584166e-03
 103.472362 2.265455e-03
 123.884422 1.413714e-03
 144.296482 9.245840e-04
 164.708543 6.536417e-04
 185.120603 4.969990e-04
 205.532663 3.962140e-04
 225.944724 3.219213e-04
 246.356784 2.604151e-04
 266.768844 2.074892e-04
 287.180905 1.656722e-04
 307.592965 1.397262e-04
 328.005025 1.306981e-04
 348.417085 1.331168e-04
 368.829146 1.373279e-04
 389.241206 1.347302e-04
 409.653266 1.224071e-04
 430.065327 1.040772e-04
 450.477387 8.652761e-05
 470.889447 7.447237e-05
 491.301508 6.803177e-05
 511.713568 6.426670e-05
 532.125628 6.083290e-05
 552.537688 5.839265e-05
 572.949749 5.944815e-05
 593.361809 6.465476e-05
 613.773869 7.070552e-05
 634.185930 7.261318e-05
 654.597990 6.827058e-05
 675.010050 6.042181e-05
 695.422111 5.416010e-05
 715.834171 5.275409e-05
 736.246231 5.561100e-05
 756.658291 5.946408e-05
 777.070352 6.082482e-05
 797.482412 5.756403e-05
 817.894472 4.960129e-05
 838.306533 3.908634e-05
 858.718593 2.927503e-05
 879.130653 2.235902e-05
 899.542714 1.842183e-05
 919.954774 1.642378e-05
 940.366834 1.551975e-05
 960.778894 1.523805e-05
 981.190955 1.504939e-05
1001.603015 1.429326e-05
1022.015075 1.250115e-05
1042.427136 9.765138e-06
1062.839196 6.885459e-06
1083.251256 5.022194e-06
1103.663317 4.918025e-06
1124.075377 6.301361e-06
1144.487437 8.078848e-06
1164.899497 9.281231e-06
1185.311558 9.856600e-06
1205.723618 1.035932e-05
1226.135678 1.092595e-05
1246.547739 1.094924e-05
1266.959799 9.893299e-06
1287.371859 8.086259e-06
1307.783920 6.386838e-06
1328.195980 5.218428e-06
1348.608040 4.285982e-06
1369.020101 3.205206e-06
1389.432161 2.053441e-06
1409.844221 1.259644e-06
1430.256281 1.292931e-06
1450.668342 2.604567e-06
1471.080402 5.554016e-06
1491.492462 9.935247e-06
1511.904523 1.446927e-05
1532.316583 1.717434e-05
1552.728643 1.676918e-05
1573.140704 1.379975e-05
1593.552764 1.010950e-05
1613.964824 7.171248e-06
1634.376884 5.177084e-06
1654.788945 3.624390e-06
1675.201005 2.242711e-06
1695.613065 1.152017e-06
1716.025126 4.966078e-07
1736.437186 2.626517e-07
1756.849246 3.989844e-07
1777.261307 9.305376e-07
1797.673367 1.859334e-06
1818.085427 2.953743e-06
1838.497487 3.756290e-06
1858.909548 3.969734e-06
1879.321608 3.806374e-06
1899.733668 3.745631e-06
1920.145729 3.915378e-06
1940.557789 3.922288e-06
1960.969849 3.368369e-06
1981.381910 2.343033e-06
2001.793970 1.294255e-06
2022.206030 5.759571e-07
2042.618090 2.612615e-07
2063.030151 3.001298e-07
2083.442211 7.022688e-07
2103.854271 1.507458e-06
2124.266332 2.571206e-06
2144.678392 3.442953e-06
2165.090452 3.616537e-06
2185.502513 2.983486e-06
2205.914573 1.952189e-06
2226.326633 1.092576e-06
2246.738693 7.731687e-07
2267.150754 1.123826e-06
2287.562814 2.129916e-06
2307.974874 3.634080e-06
2328.386935 5.358608e-06
2348.798995 7.017451e-06
2369.211055 8.285102e-06
2389.623116 8.662725e-06
2410.035176 7.727697e-06
2430.447236 5.680728e-06
2450.859296 3.362794e-06
2471.271357 1.582518e-06
2491.683417 5.881572e-07
2512.095477 1.720827e-07
2532.507538 3.957403e-08
2552.919598 7.148140e-09
2573.331658 1.013754e-09
2593.743719 1.128637e-10
2614.155779 9.863245e-12
2634.567839 6.765626e-13
2654.979899 3.642547e-14
2675.391960 1.539221e-15
2695.804020 5.104892e-17
2716.216080 1.328782e-18
2736.628141 2.714526e-20
2757.040201 4.352103e-22
2777.452261 5.475967e-24
2797.864322 5.407174e-26
2818.276382 4.190049e-28
2838.688442 2.547993e-30
2859.100503 1.215904e-32
2879.512563 4.553159e-35
2899.924623 1.337921e-37
2920.336683 3.084918e-40
2940.748744 5.581403e-43
2961.160804 7.923573e-46
2981.572864 8.826089e-49
3001.984925 7.713949e-52
3022.396985 5.289788e-55
3042.809045 2.846064e-58
3063.221106 1.201402e-61
3083.633166 3.978886e-65
3104.045226 1.033848e-68
3124.457286 2.107497e-72
3144.869347 3.370427e-76
3165.281407 4.228672e-80
3185.693467 4.162148e-84
3206.105528 3.213804e-88
3226.517588 1.371847e-90
3246.929648 1.994889e-86
3267.341709 2.307803e-82
3287.753769 2.093819e-78
3308.165829 1.489841e-74
3328.577889 8.313822e-71
3348.989950 3.638496e-67
3369.402010 1.248830e-63
3389.814070 3.361592e-60
3410.226131 7.096543e-57
3430.638191 1.174922e-53
3451.050251 1.525568e-50
3471.462312 1.553510e-47
3491.874372 1.240672e-44
3512.286432 7.770703e-42
3532.698492 3.817014e-39
3553.110553 1.470441e-36
3573.522613 4.442541e-34
3593.934673 1.052630e-31
3614.346734 1.956051e-29
3634.758794 2.850657e-27
3655.170854 3.258142e-25
3675.582915 2.920487e-23
3695.994975 2.053056e-21
3716.407035 1.131896e-19
3736.819095 4.894096e-18
3757.231156 1.659582e-16
3777.643216 4.413522e-15
3798.055276 9.205177e-14
3818.467337 1.505703e-12
3838.879397 1.931552e-11
3859.291457 1.943274e-10
3879.703518 1.533281e-09
3900.115578 9.487897e-09
3920.527638 4.604456e-08
3940.939698 1.752455e-07
3961.351759 5.230892e-07
3981.763819 1.224517e-06
4002.175879 2.248093e-06
4022.587940 3.236859e-06
4043.000000 3.655053e-06